level 1 (file 0, 128x50 tiles)
  item 0a x2  (1080,656) (824,672)
  item 0f x2  (872,144) (1688,192)
  item 10 x2  (680,192) (1000,400)
  item 11 x1  (1256,224)
  item 12 x1  (920,400)
  item 13 x1  (760,176)
  item 16 x1  (616,208)
  item 1b x1  (1880,464)
  item 1c x1  (1000,128)
  item 1e x2  (1160,400) (1128,656)
  item 1f x7  (1400,304) (1192,368) (1048,400) (1848,464) (1368,528) (1144,560) (600,704)
  item 20 x1  (1864,304)
level 2 (file 1, 128x64 tiles)
  item 0a x10 (360,208) (408,208) (1768,272) (1480,320) (1592,400) (1432,480) (904,544) (1720,624) (1832,752) (1112,880)
  item 0f x1  (680,160)
  item 10 x2  (440,208) (616,416)
  item 11 x1  (1896,624)
  item 13 x1  (1464,720)
  item 15 x1  (744,560)
  item 1b x1  (1416,720)
  item 1c x1  (1992,224)
  item 1e x2  (184,352) (936,544)
  item 1f x12 (776,144) (264,352) (712,432) (776,560) (1752,624) (232,640) (1448,720) (1848,752) (1544,832) (1176,880) (440,912) (664,928)
  item 20 x1  (936,224)
level 3 (file 2, 64x160 tiles)
  item 03 x1  (392,2400)
  item 0a x8  (1000,640) (168,816) (168,928) (680,1024) (168,1264) (968,1376) (744,1696) (152,2208)
  item 0f x6  (664,640) (376,816) (168,1152) (344,1984) (488,2080) (136,2304)
  item 10 x2  (648,1440) (232,1744)
  item 11 x3  (920,528) (664,1120) (152,2496)
  item 12 x1  (568,1888)
  item 13 x2  (680,928) (1000,1376)
  item 14 x1  (168,1040)
  item 15 x1  (392,2080)
  item 1b x1  (440,1984)
  item 1c x1  (168,704)
  item 1d x4  (840,1024) (920,1024) (968,1248) (408,2304)
  item 1e x1  (120,2208)
  item 1f x10 (712,432) (792,928) (792,1248) (808,1488) (776,1696) (296,1792) (280,2080) (280,2208) (328,2304) (296,2400)
  item 20 x1  (776,192)
level 4 (file 3, 128x67 tiles)
  item 0a x10 (1912,256) (712,272) (1320,448) (440,608) (120,688) (376,688) (1000,736) (152,768) (1000,832) (1000,992)
  item 0f x4  (824,224) (408,272) (1416,448) (1416,832)
  item 10 x1  (296,688)
  item 11 x3  (1448,208) (952,992) (120,1008)
  item 12 x1  (504,768)
  item 13 x2  (1704,112) (952,832)
  item 16 x1  (136,608)
  item 1b x1  (1304,656)
  item 1c x1  (504,608)
  item 1d x8  (1304,448) (1336,448) (1400,448) (984,576) (984,736) (968,832) (968,992) (1416,1008)
  item 1e x1  (552,336)
  item 1f x12 (1768,208) (232,256) (744,336) (1288,448) (1432,448) (712,496) (920,576) (1336,656) (1496,656) (744,880) (1496,976) (1032,992)
  item 20 x1  (888,208)
level 5 (file 4, 128x64 tiles)
  item 0a x6  (536,208) (760,352) (1672,688) (1720,688) (1800,944) (1496,960)
  item 0f x2  (184,512) (1304,640)
  item 10 x3  (248,560) (776,560) (824,960)
  item 11 x3  (1368,688) (1976,928) (120,976)
  item 12 x1  (504,208)
  item 15 x1  (1160,560)
  item 16 x1  (824,352)
  item 1b x1  (1720,496)
  item 1c x1  (840,176)
  item 1d x4  (952,944) (1160,960) (1208,960) (1256,960)
  item 1f x5  (1688,496) (1016,560) (1944,928) (456,960) (712,960)
  item 20 x1  (1192,256)
level 6 (file 5, 128x65 tiles)
  item 0a x7  (504,176) (1064,320) (1912,432) (280,464) (1896,560) (1112,656) (1432,976)
  item 0f x2  (1272,176) (1288,976)
  item 10 x3  (1432,432) (232,464) (1512,976)
  item 11 x3  (456,464) (1960,944) (152,960)
  item 12 x4  (456,176) (152,464) (424,608) (1208,896)
  item 15 x1  (1976,560)
  item 16 x1  (168,176)
  item 1b x1  (56,816)
  item 1c x1  (1544,640)
  item 1d x6  (1720,432) (1800,432) (1848,432) (872,576) (1416,640) (1480,976)
  item 1f x10 (712,176) (1112,176) (616,432) (1192,432) (1880,432) (184,464) (1976,688) (904,928) (1864,944) (1352,976)
  item 20 x1  (1688,256)
level 7 (file 6, 128x64 tiles)
  item 0a x10 (1096,240) (584,320) (1576,400) (1752,400) (984,464) (1144,592) (1208,592) (2024,688) (632,800) (1528,800)
  item 0f x2  (1848,384) (1688,400)
  item 10 x1  (440,928)
  item 11 x3  (760,320) (2008,448) (168,928)
  item 12 x1  (2008,688)
  item 13 x1  (264,784)
  item 16 x1  (1448,192)
  item 1d x7  (1016,240) (472,320) (360,368) (1640,560) (1080,592) (1544,800) (1608,800)
  item 1e x1  (136,784)
  item 1f x10 (1464,192) (552,320) (1416,560) (728,592) (952,592) (568,624) (1816,688) (216,784) (648,800) (952,928)
  item 20 x1  (1656,240)
level 8 (file 7, 128x65 tiles)
  item 0a x7  (1992,576) (152,704) (200,704) (1288,704) (1112,944) (1432,992) (1848,992)
  item 0f x6  (600,160) (536,192) (600,192) (1832,752) (1080,928) (1896,992)
  item 10 x2  (1960,576) (232,704)
  item 11 x4  (1128,288) (2024,576) (184,960) (2024,976)
  item 12 x1  (776,976)
  item 13 x1  (152,544)
  item 15 x1  (1576,544)
  item 1d x7  (904,288) (1096,288) (1272,704) (1320,704) (1368,704) (1176,944) (1560,976)
  item 1e x2  (632,368) (632,432)
  item 1f x11 (664,288) (1800,576) (360,704) (792,704) (1448,704) (1800,752) (568,944) (984,944) (1288,960) (1608,976) (1880,992)
  item 20 x1  (1736,368)
